   3   1   1 E -2.2620818132319E+03 DE-1.8E-12(  9)
  0.000000000000E+00  0.269462753186E+01  0.269462753186E+01
  0.269462753186E+01  0.000000000000E+00  0.269462753186E+01
  0.269462753186E+01  0.269462753186E+01  0.000000000000E+00
   24
  0.100000000000E+01  0.000000000000E+00  0.000000000000E+00
  0.000000000000E+00  0.100000000000E+01  0.000000000000E+00
  0.000000000000E+00  0.000000000000E+00  0.100000000000E+01
  0.000000000000E+00  0.000000000000E+00  0.000000000000E+00
 -0.100000000000E+01  0.000000000000E+00  0.000000000000E+00
  0.000000000000E+00 -0.100000000000E+01  0.000000000000E+00
  0.000000000000E+00  0.000000000000E+00  0.100000000000E+01
  0.000000000000E+00  0.000000000000E+00  0.000000000000E+00
  0.100000000000E+01  0.000000000000E+00  0.000000000000E+00
  0.000000000000E+00 -0.100000000000E+01  0.000000000000E+00
  0.000000000000E+00  0.000000000000E+00 -0.100000000000E+01
  0.000000000000E+00  0.000000000000E+00  0.000000000000E+00
 -0.100000000000E+01  0.000000000000E+00  0.000000000000E+00
  0.000000000000E+00  0.100000000000E+01  0.000000000000E+00
  0.000000000000E+00  0.000000000000E+00 -0.100000000000E+01
  0.000000000000E+00  0.000000000000E+00  0.000000000000E+00
  0.000000000000E+00  0.000000000000E+00  0.100000000000E+01
  0.100000000000E+01  0.000000000000E+00  0.000000000000E+00
  0.000000000000E+00  0.100000000000E+01  0.000000000000E+00
  0.000000000000E+00  0.000000000000E+00  0.000000000000E+00
  0.000000000000E+00  0.100000000000E+01  0.000000000000E+00
  0.000000000000E+00  0.000000000000E+00  0.100000000000E+01
  0.100000000000E+01  0.000000000000E+00  0.000000000000E+00
  0.000000000000E+00  0.000000000000E+00  0.000000000000E+00
  0.000000000000E+00  0.000000000000E+00 -0.100000000000E+01
 -0.100000000000E+01  0.000000000000E+00  0.000000000000E+00
  0.000000000000E+00  0.100000000000E+01  0.000000000000E+00
  0.000000000000E+00  0.000000000000E+00  0.000000000000E+00
  0.000000000000E+00 -0.100000000000E+01  0.000000000000E+00
  0.000000000000E+00  0.000000000000E+00  0.100000000000E+01
 -0.100000000000E+01  0.000000000000E+00  0.000000000000E+00
  0.000000000000E+00  0.000000000000E+00  0.000000000000E+00
  0.000000000000E+00  0.000000000000E+00  0.100000000000E+01
 -0.100000000000E+01  0.000000000000E+00  0.000000000000E+00
  0.000000000000E+00 -0.100000000000E+01  0.000000000000E+00
  0.000000000000E+00  0.000000000000E+00  0.000000000000E+00
  0.000000000000E+00 -0.100000000000E+01  0.000000000000E+00
  0.000000000000E+00  0.000000000000E+00 -0.100000000000E+01
  0.100000000000E+01  0.000000000000E+00  0.000000000000E+00
  0.000000000000E+00  0.000000000000E+00  0.000000000000E+00
  0.000000000000E+00  0.000000000000E+00 -0.100000000000E+01
  0.100000000000E+01  0.000000000000E+00  0.000000000000E+00
  0.000000000000E+00 -0.100000000000E+01  0.000000000000E+00
  0.000000000000E+00  0.000000000000E+00  0.000000000000E+00
  0.000000000000E+00  0.100000000000E+01  0.000000000000E+00
  0.000000000000E+00  0.000000000000E+00 -0.100000000000E+01
 -0.100000000000E+01  0.000000000000E+00  0.000000000000E+00
  0.000000000000E+00  0.000000000000E+00  0.000000000000E+00
  0.000000000000E+00  0.100000000000E+01  0.000000000000E+00
  0.100000000000E+01  0.000000000000E+00  0.000000000000E+00
  0.000000000000E+00  0.000000000000E+00  0.100000000000E+01
  0.000000000000E+00  0.000000000000E+00  0.000000000000E+00
  0.000000000000E+00 -0.100000000000E+01  0.000000000000E+00
 -0.100000000000E+01  0.000000000000E+00  0.000000000000E+00
  0.000000000000E+00  0.000000000000E+00  0.100000000000E+01
  0.000000000000E+00  0.000000000000E+00  0.000000000000E+00
  0.000000000000E+00 -0.100000000000E+01  0.000000000000E+00
  0.100000000000E+01  0.000000000000E+00  0.000000000000E+00
  0.000000000000E+00  0.000000000000E+00 -0.100000000000E+01
  0.000000000000E+00  0.000000000000E+00  0.000000000000E+00
  0.000000000000E+00  0.100000000000E+01  0.000000000000E+00
 -0.100000000000E+01  0.000000000000E+00  0.000000000000E+00
  0.000000000000E+00  0.000000000000E+00 -0.100000000000E+01
  0.000000000000E+00  0.000000000000E+00  0.000000000000E+00
  0.100000000000E+01  0.000000000000E+00  0.000000000000E+00
  0.000000000000E+00  0.000000000000E+00  0.100000000000E+01
  0.000000000000E+00  0.100000000000E+01  0.000000000000E+00
  0.000000000000E+00  0.000000000000E+00  0.000000000000E+00
  0.000000000000E+00  0.000000000000E+00  0.100000000000E+01
  0.000000000000E+00  0.100000000000E+01  0.000000000000E+00
  0.100000000000E+01  0.000000000000E+00  0.000000000000E+00
  0.000000000000E+00  0.000000000000E+00  0.000000000000E+00
 -0.100000000000E+01  0.000000000000E+00  0.000000000000E+00
  0.000000000000E+00  0.000000000000E+00 -0.100000000000E+01
  0.000000000000E+00  0.100000000000E+01  0.000000000000E+00
  0.000000000000E+00  0.000000000000E+00  0.000000000000E+00
 -0.100000000000E+01  0.000000000000E+00  0.000000000000E+00
  0.000000000000E+00  0.000000000000E+00  0.100000000000E+01
  0.000000000000E+00 -0.100000000000E+01  0.000000000000E+00
  0.000000000000E+00  0.000000000000E+00  0.000000000000E+00
  0.000000000000E+00  0.000000000000E+00  0.100000000000E+01
  0.000000000000E+00 -0.100000000000E+01  0.000000000000E+00
 -0.100000000000E+01  0.000000000000E+00  0.000000000000E+00
  0.000000000000E+00  0.000000000000E+00  0.000000000000E+00
  0.000000000000E+00  0.000000000000E+00 -0.100000000000E+01
  0.000000000000E+00 -0.100000000000E+01  0.000000000000E+00
  0.100000000000E+01  0.000000000000E+00  0.000000000000E+00
  0.000000000000E+00  0.000000000000E+00  0.000000000000E+00
  0.100000000000E+01  0.000000000000E+00  0.000000000000E+00
  0.000000000000E+00  0.000000000000E+00 -0.100000000000E+01
  0.000000000000E+00 -0.100000000000E+01  0.000000000000E+00
  0.000000000000E+00  0.000000000000E+00  0.000000000000E+00
  0.000000000000E+00  0.000000000000E+00 -0.100000000000E+01
  0.000000000000E+00  0.100000000000E+01  0.000000000000E+00
 -0.100000000000E+01  0.000000000000E+00  0.000000000000E+00
  0.000000000000E+00  0.000000000000E+00  0.000000000000E+00
    2
   31      0.000000000000      0.000000000000      0.000000000000
   15      1.347313765929     -1.347313765929     -1.347313765929
  216   24
